18 9
18 10
18 11
19 9
19 11
20 11
21 9
21 11
22 9
22 10
22 11
2 9
2 11
3 3
3 4
3 9
3 11
3 15
3 16
4 3
4 6
4 7
4 8
4 9
4 11
4 12
4 13
4 16
5 3
5 5
5 6
5 13
5 16
6 6
6 10
6 11
6 13
6 16
7 11
8 4
8 6
8 7
8 12
8 13
8 14
8 16
8 17
9 3
9 4
9 5
9 6
9 8
9 9
10 10
10 13
10 14
10 15
10 16
11 6
11 10
11 16
12 7
12 11
12 13
13 5
13 6
13 7
13 8
13 11
13 13
13 14
13 15
13 16
14 9
15 5
15 10
15 13
15 14
15 15
16 6
16 8
16 11
16 14
16 16
17 3
17 4
17 5
17 9
18 3
18 12
18 14
18 17
19 2
19 3
19 5
19 14
21 2
21 3
21 5
21 14
21 16
22 3
22 12
22 14
23 3
23 4
23 5
23 9
23 14
23 16
24 5
24 11
24 13
24 14
24 15
25 4
25 7
25 9
26 13
26 14
26 15
26 16
27 5
27 6
27 7
27 8
27 13
28 7
28 10
28 11
28 16
29 11
29 13
29 14
29 15
29 16
30 4
30 9
30 10
30 11
30 16
31 4
31 6
31 7
31 8
31 16
31 17
32 10
33 7
33 13
33 16
34 3
34 4
34 6
34 7
34 13
34 16
34 17
35 3
35 7
35 8
35 9
35 11
35 12
35 13
35 17
36 3
36 4
36 9
36 11
36 15
36 16
36 17
37 9
37 11